   2.0000000e+00   1.3941334e-01   1.9977507e+00   1.0465141e+00  -1.1876256e+00  -1.8658173e+00  -5.4843171e-02
   2.0000000e+00  -1.7297206e-01   9.3970621e-01   5.4806321e-01   1.8876779e+00   1.2043556e+00  -8.2798117e-01
   2.0000000e+00  -3.2365687e-01  -2.4003644e+00  -2.3958260e-01  -1.1064538e+00  -6.9645084e-01  -3.2988799e-01
   2.0000000e+00   1.1897764e+00  -1.7002846e+00   1.0539953e+00   1.3497749e+00  -6.0771914e-01  -8.7756905e-01
   2.0000000e+00  -1.0654000e+00   1.4457032e+00   1.8664417e-01   1.6411788e+00  -3.1323761e-01   5.3374155e-01
   2.0000000e+00  -2.0707133e-01   8.0491016e-01  -6.6108618e-01  -1.3495814e+00  -1.4708340e+00  -4.9824078e-01
   2.0000000e+00   5.1237237e-01  -1.1128466e+00   1.0818756e+00  -3.5975630e-01  -6.8502576e-01  -1.0394095e+00
   2.0000000e+00   3.2609921e-01   1.5426116e+00   9.0481194e-01   1.3029377e+00   7.4643939e-01   7.2020654e-02
   2.0000000e+00  -3.4171615e-01  -1.8783577e-02  -2.1287938e+00   2.4947070e+00   4.3208615e-01  -2.0482399e+00
   2.0000000e+00  -9.0992254e-01  -3.8507415e-01  -1.2339006e+00   7.0399157e-02  -7.5963850e-01  -1.7557485e+00
   2.0000000e+00   1.4903057e+00  -6.9834368e-01  -9.5036668e-01   1.9300626e+00  -4.3009008e-01  -1.9513586e+00
   2.0000000e+00  -8.2963277e-01   1.8291874e-03  -1.3396775e+00   2.3073599e-01  -4.4729339e-01   1.4365498e+00
   2.0000000e+00   5.8069460e-01  -4.6615240e-01  -1.4708751e+00   1.7892294e+00  -1.0501968e+00  -1.6185130e+00
   2.0000000e+00   2.1099771e+00   4.2869740e-01  -9.1769421e-01  -2.0496842e+00   1.1255675e+00  -1.1642603e-01
   2.0000000e+00   2.4284842e+00  -7.8278530e-02   9.1430848e-01   9.6479037e-01  -1.4881558e+00  -1.9745363e+00
   2.0000000e+00  -1.9169540e-01  -5.6106618e-01  -9.3409155e-01   2.6639888e-01   1.7570007e+00  -1.2878211e+00
   2.0000000e+00  -6.0686559e-02  -1.0506029e+00   9.0654507e-01   7.2255844e-01  -5.4992493e-01  -1.2406559e+00
   2.0000000e+00   2.1312725e-01  -6.5623534e-01  -3.8511656e-01  -2.7789763e-01  -4.5295966e-01   7.1467982e-01
   2.0000000e+00   5.7661638e-01  -1.6487179e+00  -3.0956003e-01  -3.0898253e-01  -4.6015503e-01  -1.0690304e+00
   2.0000000e+00  -9.2727175e-01   7.7105320e-01   1.1101745e+00   1.1630494e+00   1.4761091e+00   9.3545644e-01
   1.0000000e+00   4.8126331e-02   2.9186710e-02  -8.3828063e-01  -4.0750202e-01   5.6068311e-01   5.1611244e-01
   2.0000000e+00   6.7734980e-01   1.3951367e+00  -1.0322887e+00   2.4861720e-01   2.0917487e+00  -2.5465151e-01
   2.0000000e+00  -6.3668949e-01   2.0964203e+00   7.6445985e-01  -5.1056447e-01  -6.7351108e-01  -6.6008527e-01
   2.0000000e+00  -1.2232851e-02   1.8546032e+00  -1.3291291e+00   1.9842026e+00  -1.1360498e-01  -9.3673006e-02
   2.0000000e+00  -2.8996388e-01  -5.0482613e-01  -6.4496555e-01   1.0101971e+00  -9.9338525e-01  -1.9806519e+00
   2.0000000e+00   1.7719654e+00   4.9065340e-01   2.1674753e+00   2.3261296e-01  -4.3951822e-01   1.5816192e+00
   1.0000000e+00   5.2324561e-01   5.0919596e-01   1.0651898e-01  -6.8192710e-01   3.1142228e-01  -7.3740832e-01
   2.0000000e+00   6.4849008e-01   1.3006645e-01   4.0725724e-01  -2.3981439e+00   1.4137254e+00  -8.8679283e-01
   1.0000000e+00  -3.1254093e-01   5.9759537e-01   1.0569764e+00   3.9843764e-01   7.9235078e-01  -4.8059572e-01
   1.0000000e+00  -1.2858342e+00   1.1807547e-01   6.4242350e-01   1.1044507e+00   6.5149819e-01  -6.7672188e-01
   2.0000000e+00  -1.7244021e+00   2.2305247e+00   4.3811527e-01   3.2732989e-01  -1.6387563e-01   9.2697186e-01
   2.0000000e+00  -3.3210793e-01  -7.3672253e-02  -1.1578230e+00   4.4296474e-01   1.2279173e+00  -3.8450551e-01
   2.0000000e+00   1.0881982e-01  -1.1440231e+00   1.1575802e+00  -4.3922929e-01  -9.6896467e-02  -9.6131583e-01
   2.0000000e+00  -7.0515757e-01   6.0342708e-01   1.2522260e+00  -1.0190633e+00  -9.2675002e-02  -1.1197838e+00
   2.0000000e+00  -7.5779020e-01  -1.6781324e+00  -3.2813312e-01   7.0572198e-01   9.4359460e-01   9.1651283e-01
   2.0000000e+00  -1.5143686e+00  -9.9588966e-01   9.0850410e-01   1.7143159e+00   8.8610060e-01   6.9615601e-01
   1.0000000e+00   9.0617617e-01   5.8523816e-01   4.7796027e-01  -1.7598825e+00   3.5858511e-01   1.1899931e+00
   2.0000000e+00   4.0662343e-01  -2.3583392e-01   6.4591702e-01   2.0355793e+00  -2.0458625e-01  -1.9129165e+00
   2.0000000e+00   2.2762205e-01   1.1537442e-01   8.3054414e-01  -8.9306489e-03  -1.3729451e-01   1.9132630e+00
   2.0000000e+00   6.7418780e-02  -1.9996048e+00  -6.7707573e-01  -8.8092926e-01   1.5717538e-01  -5.4321140e-02
   2.0000000e+00  -5.7407585e-02   3.4078439e-01  -5.0008085e-01   2.0528671e+00   1.2140457e+00   6.8202847e-01
   2.0000000e+00   2.7285906e-01   1.2562712e+00  -8.2698180e-01   1.0832369e+00   1.7537927e+00   4.1421852e-01
   2.0000000e+00  -1.0160114e+00  -1.0917891e+00  -6.4423424e-01  -1.7455216e-01   1.3528629e+00   6.6794606e-01
   2.0000000e+00   1.3626306e-01  -9.7015599e-02  -1.2987275e-01  -7.6747191e-01  -7.4445996e-01   3.9517314e-01
   1.0000000e+00   6.6946703e-02   1.4341536e-01   1.0479455e-01  -1.8171524e+00   3.0633787e-01   1.5081494e+00
   2.0000000e+00  -1.0656140e+00  -7.3322151e-02  -8.5570933e-01  -7.0322400e-01   1.0399151e+00   1.3361107e+00
   2.0000000e+00   7.7886655e-01  -1.1639037e+00   2.1529694e+00  -2.1218394e+00  -1.2592963e+00   6.7960935e-01
   2.0000000e+00   9.1162164e-01   2.3371450e-02   6.4430946e-01  -2.0142675e-01  -4.0449727e-01  -2.4236921e-01
   2.0000000e+00  -1.9185056e+00  -1.2058732e+00   1.0410679e+00   9.0770189e-01  -8.7901392e-01  -2.0799166e+00
   2.0000000e+00  -1.0753525e+00  -1.5439021e+00  -5.1010074e-01   3.6936827e-01  -2.3878679e-01   7.8429482e-01
   2.0000000e+00   4.8433194e-01   3.6377736e+00   4.0008619e-01  -1.0812822e-01  -4.3368893e-02  -5.2208089e-01
   2.0000000e+00  -1.0078064e+00  -2.2270917e+00   1.0553022e+00   5.4582673e-01   8.5042285e-01  -1.0386599e+00
   2.0000000e+00   4.7713174e-01   1.6182243e-01   1.5599703e-01   1.3341357e+00   1.9608241e+00   3.5012815e-01
   2.0000000e+00  -1.1704916e+00   5.1915530e-01  -9.6563818e-01  -1.1359006e+00  -3.7146443e-01  -1.4230780e+00
   2.0000000e+00   1.2691608e-01   1.7989700e+00  -8.0099893e-01  -1.2284350e+00   1.1153346e+00  -3.7649660e-01
   2.0000000e+00  -5.1675472e-01  -8.4522598e-01  -2.7970212e-01  -1.5955427e-01  -7.7155846e-01   7.8736341e-01
   2.0000000e+00  -2.5121164e-01  -1.2643002e+00  -1.2201461e-01   1.3851817e+00   3.2668380e-01  -1.0718653e+00
   2.0000000e+00  -7.3051948e-01  -1.5193851e-01  -5.9762936e-01  -1.1233585e+00  -1.5146576e+00   5.8331543e-02
   1.0000000e+00   1.3448217e-01  -6.2509786e-01  -1.0649151e+00   7.2251691e-01   3.0398296e-01   2.7176187e-01
   2.0000000e+00  -1.4394919e-02  -3.6481293e-01   5.9090382e-01   9.1233642e-01  -3.6358268e-01   1.8865254e+00
   1.0000000e+00   1.1559944e+00  -1.8995081e-01   1.2662398e+00   9.6854788e-01   1.4699335e-01  -1.3129351e+00
   2.0000000e+00   3.9749469e-01  -2.7870132e+00  -3.8589594e-01   1.1451229e+00   2.1772419e+00   1.0097409e+00
   2.0000000e+00   7.7661886e-01  -7.6900222e-01  -1.7906064e+00  -5.4410510e-01   6.4903061e-01  -5.4556651e-01
   2.0000000e+00   1.2758381e+00   1.0418549e+00   7.2114539e-01  -3.1376030e-01   1.1957440e+00  -7.8496064e-01
   1.0000000e+00   3.3841168e-01  -4.8354208e-01   4.0622063e-01   9.3083650e-01   2.0992733e-02   2.1748128e-01
   2.0000000e+00   7.0624668e-01  -8.6240797e-01   6.6874155e-01   8.4636438e-01  -4.3696445e-01  -1.3788107e+00
   2.0000000e+00  -1.3692883e+00  -1.0435263e-01  -1.2768892e+00  -2.0018803e+00  -1.6320623e+00  -5.9523281e-01
   1.0000000e+00  -1.7788736e+00   9.6697605e-02  -1.1309897e+00  -9.5616506e-02   7.7918292e-01   9.6034797e-01
   2.0000000e+00  -4.8904757e-01  -1.5280733e+00   1.7763985e+00  -5.5482735e-01   6.7215570e-01   5.0468119e-01
   1.0000000e+00  -1.5545605e-01   8.5603550e-01   8.3799906e-01  -4.1526909e-01   1.0215197e-01   7.5040973e-01
   2.0000000e+00  -8.9738904e-02  -1.1953605e+00   2.5910081e+00  -7.4892364e-01   8.6116966e-01   9.4124080e-01
   2.0000000e+00   6.9629805e-01  -2.4873642e-01  -1.7631676e-02  -8.0712070e-01   1.8583810e+00  -9.1693782e-01
   2.0000000e+00  -2.5647656e-01  -5.3039928e-01  -2.6625461e-02   9.2514785e-01  -1.1769165e+00   3.5100340e-01
   2.0000000e+00  -8.9003807e-01   5.9542275e-01   9.0495185e-01  -4.4752067e-02   1.6356869e+00  -2.1429071e+00
   1.0000000e+00   6.5384507e-01  -6.1758576e-01  -5.8288486e-01   4.8621513e-01   4.4329515e-01   3.9697044e-01
   1.0000000e+00   1.8240518e-02  -4.2159568e-01   1.5830864e+00  -6.2102390e-02   1.7841168e-01  -2.0213517e-01
   1.0000000e+00   1.7722006e+00  -7.6942064e-01   5.1850673e-01   2.7083235e-01   2.0980436e-01  -8.1015404e-01
   2.0000000e+00  -5.3920546e-01  -1.9158525e+00  -3.9478611e-01   2.8764008e-01  -1.6316747e-01  -1.7111447e+00
   2.0000000e+00  -6.1006257e-01  -6.4578376e-01  -6.7437867e-01   1.8035615e+00   1.3606179e+00   1.7974441e-01
   2.0000000e+00   5.0631215e-01  -1.4081295e+00  -1.2860978e+00   2.2685173e-01  -7.5975564e-01  -6.6302018e-01
   2.0000000e+00   3.3393760e-01  -4.4947991e-01   6.6949978e-01   1.0456269e+00  -7.2044298e-01   8.6340951e-01
   2.0000000e+00  -2.7875056e-01  -1.2410802e+00  -9.7702780e-01  -4.5557835e-01   1.8860269e-01  -1.4298518e+00
   2.0000000e+00   8.4303143e-01   1.1377642e+00  -9.1804443e-02   5.9535946e-01  -1.6989412e+00   7.8243770e-01
   1.0000000e+00   1.0251904e+00  -5.2564522e-01   1.3452685e+00   1.0863106e+00   2.6139411e-01   3.3125924e-01
   2.0000000e+00  -2.8351302e-01   3.8659958e-01  -2.9760980e-01   5.2594705e-01  -4.5156680e-01  -2.4089606e+00
   2.0000000e+00  -7.1754632e-01   1.9786184e+00   5.5304606e-01  -1.6106578e+00   3.1868939e-02   1.2833402e+00
   2.0000000e+00  -1.7608095e-01  -7.0672183e-01  -2.5906174e-01  -4.8057549e-01   8.7682854e-01  -3.3603094e-01
   2.0000000e+00   1.7128589e+00   1.1465624e+00   6.9002362e-01   5.2309928e-01   1.6556746e+00  -2.7987285e-01
   2.0000000e+00  -1.3694961e-01  -8.5409652e-01   7.9097263e-01  -3.1082631e-01  -1.0187223e+00   4.5083787e-01
   2.0000000e+00   1.2602707e+00  -1.1994521e+00  -1.6370947e-01   4.8996384e-01   1.7863475e+00  -7.6100505e-01
   2.0000000e+00   3.6675509e-01   1.6189669e+00   3.9315376e-02  -5.2687682e-01   6.2863815e-01   9.8929716e-01
   2.0000000e+00  -4.7239617e-01  -4.1984338e-01  -3.1165317e-01   1.5960963e-01   1.4770401e+00   7.7392737e-01
   2.0000000e+00   4.3004487e-01  -8.5904738e-01   4.7425122e-01   1.2338326e+00   1.3301398e+00   7.3490550e-02
   2.0000000e+00  -1.7011538e+00  -2.0143072e-01   1.3990549e+00   5.8303238e-01  -1.0416637e+00   5.4491276e-01
   2.0000000e+00   1.6367586e+00  -1.8434971e+00   5.2013466e-01  -7.4772999e-01  -7.1147880e-01  -3.0771347e-01
   2.0000000e+00   9.5521343e-01  -8.0908813e-02   1.2928937e+00   1.2664513e+00  -1.6107784e-01   4.7806630e-02
   2.0000000e+00   7.8688450e-01   1.3630238e+00   9.9871330e-01   2.0683515e+00   1.5729897e+00  -8.2304130e-01
   2.0000000e+00  -3.1084278e-01  -9.0779698e-01  -6.0039115e-01  -3.1440643e-01  -1.2900700e-01  -7.6645183e-01
   2.0000000e+00  -1.0596422e+00   2.0173898e+00   1.5717816e+00  -8.8988608e-01   4.0763335e-01  -1.8193208e-01
   1.0000000e+00  -5.6475289e-01  -2.5537472e-01  -1.1563105e+00  -1.0525767e+00   2.4971589e-01   3.1819460e-01
   2.0000000e+00   1.3756449e+00   1.2458341e+00  -1.4158436e+00  -2.4131139e-01  -1.5529786e-01  -4.7448551e-01
   2.0000000e+00   1.0722933e+00   2.8138995e-01  -1.2513594e+00  -6.4778009e-01  -6.5050053e-01  -7.7283001e-01
   2.0000000e+00   9.5727834e-01   1.7219889e+00   1.0446103e-01  -1.6003095e-01   5.8221346e-01  -1.2807661e+00
   2.0000000e+00   2.5511981e+00   6.4472748e-01  -4.6647820e-01   5.2221201e-01  -9.1120686e-01  -6.7658375e-01
   2.0000000e+00  -4.1544615e-01  -1.1299704e-01  -5.9928663e-01   9.5426656e-01  -8.3756865e-01  -3.3531874e-01
   2.0000000e+00  -1.2240651e+00   6.6474919e-01  -4.2825945e-01   2.1093220e+00  -8.1707284e-01   1.3510908e+00
   2.0000000e+00   1.1135262e+00   4.6870491e-01  -8.4155684e-01  -5.8264831e-01  -1.4668056e+00  -1.0513968e+00
   2.0000000e+00   1.0223916e-01   3.6748400e-01  -1.3444290e+00   4.6363566e-01   1.4791643e+00   8.8349778e-01
   2.0000000e+00  -6.0990015e-01  -6.5050526e-01  -1.3091959e+00  -5.9548972e-01  -6.5609554e-01   2.3964885e-01
   2.0000000e+00   4.2922453e-01  -9.9448182e-01   3.2713215e-02  -1.6872430e+00   5.2465639e-01  -6.7996667e-01
   2.0000000e+00   1.1369297e+00   8.5382397e-01  -8.7858247e-01   1.2524698e+00  -1.9380327e+00   3.5437897e-01
   2.0000000e+00   5.4770051e-01  -4.0156587e-01  -1.4377239e+00  -2.8591367e-01   1.0419528e+00   1.0930393e+00
   2.0000000e+00  -1.5887997e+00   1.1488276e+00  -8.8794235e-01   3.8812970e-01  -1.7865494e+00   1.0732631e+00
   2.0000000e+00   1.5868379e+00   4.0208541e-01   7.0237323e-01   8.1356661e-01  -7.8097561e-01  -1.7132740e-01
   1.0000000e+00  -9.8279178e-01   9.4131675e-02   8.0637083e-01  -9.1225597e-01   6.2409488e-01  -8.5184556e-01
   2.0000000e+00   1.8006751e+00   1.0884290e+00  -6.2615511e-01   1.2847621e-01  -4.8786755e-01   3.2305035e-01
   2.0000000e+00  -5.7017995e-01  -1.1547051e+00  -8.5119097e-02   6.1252553e-01   1.0094158e+00   2.5338770e-01
   2.0000000e+00   4.1882638e-01  -3.1398694e-01   9.8049987e-01   1.2405994e+00  -1.1301310e+00  -1.1417954e+00
   1.0000000e+00  -1.6426883e-01  -6.5053154e-01   1.6241909e+00  -6.4768220e-01   7.0459221e-01  -4.8121500e-02
   2.0000000e+00  -4.8254945e-01  -2.9142624e-01   3.4792170e-01   2.6628523e+00   1.3577184e+00  -8.6658811e-01
   2.0000000e+00  -2.1017136e+00  -6.1366629e-01  -4.2265350e-01   3.3097999e-01  -1.1609302e+00   9.9383607e-01
   2.0000000e+00  -1.0708810e+00   1.6080858e+00   9.4375455e-01   6.6008442e-01  -1.0804628e+00  -2.0885552e-01
   2.0000000e+00  -5.3422977e-01  -3.7194224e-01   3.4160424e-01  -1.2619162e+00   1.2381540e+00   1.1810100e+00
   2.0000000e+00   1.2836685e+00  -1.2893115e+00   3.4639816e-02   7.1125421e-01   7.4522240e-01  -1.8150439e-01
   1.0000000e+00   9.9328729e-01  -3.9034094e-01  -9.0286818e-01   3.8240125e-01   1.3722107e-01  -3.0121485e-01
   2.0000000e+00   9.1740535e-01   1.3201094e+00  -1.1566610e-01   1.3511586e+00  -7.8479389e-01  -2.6977507e-01
   2.0000000e+00  -5.2587099e-01   1.3211017e+00   1.2954905e+00   4.6562487e-01  -4.2627859e-01   4.4172586e-01
   1.0000000e+00   1.5737987e+00   4.9894941e-01  -2.7739963e-01   4.4203977e-01   2.7866211e-01   4.7226555e-01
   1.0000000e+00   1.5541301e+00  -2.8247183e-01  -1.2712011e-01  -4.9289080e-01   1.0354841e-01  -1.4603569e+00
   2.0000000e+00   1.7422954e+00   2.7092319e-01  -9.3096193e-01   4.5953809e-02  -6.1223748e-01   5.2407577e-03
   2.0000000e+00  -1.1359416e+00  -1.3304661e+00   1.5393334e+00  -7.9675162e-01  -2.7908513e-02   1.8257419e+00
   2.0000000e+00  -1.6811308e-01   6.0858140e-01  -9.1884646e-01  -3.0847227e+00  -2.2575659e-02   1.4748173e-01
   2.0000000e+00  -1.8351523e+00  -8.3171401e-01  -6.4510786e-02   1.0869550e+00   1.3099124e+00  -2.9065753e-02
   2.0000000e+00   1.0711737e+00   1.2261665e+00   5.6487864e-01  -1.4558400e+00  -1.4100316e+00   8.2320975e-01
   2.0000000e+00  -1.0850201e+00   6.1214324e-01   1.5258237e+00   3.7336122e-01   1.5133809e+00   5.9439096e-01
   2.0000000e+00   1.1442126e-01  -1.3798956e+00   1.2147696e-01   4.7587551e-01   4.4212393e-01  -2.0312043e+00
   2.0000000e+00   4.1426151e-01   3.5141468e-01  -1.0291817e+00  -1.6862476e+00  -5.2609586e-02   8.1946552e-01
   2.0000000e+00   1.4536666e+00   1.7805785e+00  -7.6970339e-01  -3.1837947e-01  -1.6515727e-02   5.5653950e-01
   2.0000000e+00   1.9022477e-01  -1.2203151e+00   5.0003540e-01   8.1757254e-01   1.0265640e-01   5.2051821e-01
   2.0000000e+00   6.7761183e-01   1.1219754e+00  -1.9708814e+00  -1.6834034e-01  -2.2217905e+00   6.6961678e-01
   2.0000000e+00  -5.1965018e-01   8.4427603e-01   1.1521335e+00  -8.3123070e-01  -2.2261595e-01   6.5541456e-02
   2.0000000e+00  -9.2522908e-03   6.6288391e-01  -3.8028698e-01  -7.2202434e-01  -1.1676333e+00  -5.8989989e-01
   2.0000000e+00  -5.2026332e-01  -7.8116309e-01  -2.9005247e-01   4.2841981e-01  -1.5897600e+00  -1.3036638e+00
   2.0000000e+00   6.1125499e-01  -3.7463198e-01  -4.8356530e-01   4.1513258e-01  -1.5170531e+00  -1.1744217e+00
   2.0000000e+00  -2.8880153e+00  -4.6609039e-02  -1.6369388e+00  -1.1763871e-01   1.1892885e+00  -1.9122383e+00
   1.0000000e+00  -5.3068029e-01  -1.2294529e-01   5.2704203e-01   5.6248357e-01   2.3562497e-01   1.2358592e+00
   1.0000000e+00   3.2118270e-01   2.2321663e-01  -1.5698365e+00  -2.2082919e-01   9.0253805e-02  -3.7561542e-01
   2.0000000e+00  -1.3982454e+00   1.9313239e+00   5.7343205e-01   6.8199090e-01   2.1229070e+00   9.3863720e-01
   1.0000000e+00   4.4697742e-01  -1.8573997e-02  -2.7257109e-02   3.2041549e-01   6.6611150e-01  -1.0643521e-01
   1.0000000e+00   5.1974138e-01  -3.5170276e-01  -7.0260809e-01   1.4918172e+00   1.6798140e-01  -1.4134096e+00
   1.0000000e+00   9.5176042e-01   4.5529967e-01   3.8158470e-01  -1.0662227e+00   5.9015052e-01   5.2787890e-01
   2.0000000e+00  -1.4637280e-01   4.9943659e-02   8.1530420e-01   1.1587769e+00   1.6014302e+00   2.6924774e-01
   1.0000000e+00  -3.3225091e-01   8.5002793e-01  -2.3378738e+00  -1.0549798e+00   9.9716886e-02   6.9224695e-01
   2.0000000e+00   8.2975859e-02  -2.0960916e+00   6.2924654e-01  -2.9160456e-01  -1.2961078e+00  -1.0027871e-01
   2.0000000e+00  -7.9866846e-01   8.5859945e-01   1.0762367e+00   2.7029599e+00  -4.0142944e-01   2.6068343e-01
   2.0000000e+00  -9.1956826e-01   2.5479597e-01  -4.6992145e-02  -8.0913041e-01  -2.3199113e-01   7.5779085e-01
   2.0000000e+00   4.8222613e-02   2.5542260e-01  -1.7670689e+00   8.0313004e-01  -1.5074587e+00  -9.5121650e-01
   2.0000000e+00   4.7980153e-01   1.7261606e-01   3.6866455e-01   6.5415059e-01  -2.7382828e-01   1.2654383e+00
   2.0000000e+00  -1.8547820e+00  -4.5291144e-01  -9.5633888e-02  -5.7102427e-01   2.9685437e+00   7.6179203e-01
   2.0000000e+00   1.6425684e+00  -1.9298950e-01  -9.3584954e-01  -1.0671607e+00   1.3816905e+00   2.6616561e+00
   2.0000000e+00   1.4879596e+00   1.2357533e+00   4.1742448e-01   1.2268932e-01  -9.2477624e-01   1.3054969e-01
   2.0000000e+00   2.0602055e+00   1.2856045e+00  -7.9766706e-01   5.3257333e-01  -4.3785350e-01  -8.6389877e-01
   2.0000000e+00  -5.0755876e-01  -3.2274973e-01  -4.9471612e-02   5.7868770e-02  -1.4587048e-01   6.0097325e-01
   2.0000000e+00   1.2896353e+00  -2.9313733e-01   1.0542632e-01  -1.3905676e-01  -1.7881922e-01  -5.8725599e-01
   2.0000000e+00   2.8285992e-01  -2.3776164e-01  -9.4450239e-01  -2.7023254e+00  -2.1591584e-01   1.4000648e+00
   2.0000000e+00  -2.5874453e-01   1.0900555e+00   5.1297761e-01  -1.5020948e-01   7.2448191e-01  -7.7581694e-01
   2.0000000e+00   7.0696782e-01   8.9618920e-01   1.1486679e-01   2.5492971e+00   7.0033976e-01  -2.8247581e-01
   2.0000000e+00   2.6139972e+00   7.3469765e-01  -6.4109246e-01   1.0119626e-01  -1.0074257e+00  -8.8039733e-01
   2.0000000e+00   9.5182548e-01   1.0145045e-01   1.0536252e+00  -1.3446506e-01  -2.2812805e-01  -1.3734434e+00
   1.0000000e+00  -9.1597423e-01  -3.6289898e-01   2.0827249e+00   5.4754777e-01   2.2823313e-01  -1.4318939e+00
   2.0000000e+00   8.8430313e-01  -9.4155209e-01   2.0892945e+00   1.5035302e+00   1.0285775e+00  -9.5244453e-01
   2.0000000e+00  -7.6876903e-01  -4.6745980e-01  -8.6782117e-01  -1.0493966e-01  -1.5688543e+00   8.4187878e-01
   2.0000000e+00   5.3533264e-01   1.8421434e+00   9.0463739e-01   1.4632541e+00  -4.1891186e-01   1.0831774e+00
   2.0000000e+00   8.7020657e-02   7.8600186e-01  -9.3800892e-02   9.5505456e-01   7.3733847e-01  -4.2630695e-01
   2.0000000e+00   4.3351283e-01  -6.9684446e-01  -1.8100389e+00   2.3500092e-01  -1.7256877e+00  -3.3833297e-01
   2.0000000e+00  -5.1507201e-01   4.1489988e-01  -4.5243857e-01   1.0566251e-01  -1.4038614e+00   6.3949907e-01
   2.0000000e+00   2.0595583e-01  -1.1033766e+00  -1.1970582e+00   1.1395979e+00   2.4763224e+00   2.0927239e-01
   2.0000000e+00   9.0146743e-01  -8.1162603e-01   1.6464447e+00  -1.2195859e+00  -5.0613342e-02  -1.1799510e+00
   1.0000000e+00  -2.0154939e+00   2.1881795e-01  -3.3467919e-01  -1.1615085e+00   3.2957800e-01   6.6717884e-01
   1.0000000e+00   2.9519346e-01  -5.1670633e-01   4.7117836e-01   1.1251330e-02   2.9802972e-01  -8.1305606e-01
   1.0000000e+00   3.3364588e-01   2.6406389e-01  -1.7010676e-01   2.4715934e-01   2.8624270e-02   7.9875562e-01
   2.0000000e+00  -1.6853344e+00   2.3556906e+00  -1.5260143e-01   7.3831892e-01   4.4621904e-01   4.6417635e-01
   2.0000000e+00  -1.0484365e-01  -2.2526957e-01   5.8195122e-01   2.1542124e-01  -1.2567610e+00   3.9216635e-02
   2.0000000e+00   1.5081851e+00  -1.1101935e+00  -2.9671932e-01   4.6527014e-01  -2.4417002e-01   7.2059821e-02
   2.0000000e+00  -1.9697984e-02  -5.6376726e-01  -1.4147499e-01   1.7649265e+00   1.3088848e+00   6.1018116e-01
   2.0000000e+00  -9.7670639e-01  -1.2167489e+00   8.0613210e-01  -1.1011651e+00   5.7872949e-01  -1.1555190e+00
   2.0000000e+00   6.5270012e-01   1.1456439e+00   8.2015098e-01  -6.0278577e-01   3.8776374e-01  -5.6692083e-01
   2.0000000e+00  -4.3229389e-01   8.9517008e-02  -6.1036026e-01   1.4434791e-01  -5.9013299e-01   4.8506532e-01
   2.0000000e+00  -1.1017560e+00   2.1923536e+00   2.0581133e+00   3.6804811e-01   1.4518203e+00   2.0855698e-01
   1.0000000e+00   1.7435640e+00   1.3042311e-01   3.8290899e-02   1.4078013e+00   1.9315080e-02   3.7527767e-01
   2.0000000e+00   5.3973412e-01   1.4886938e+00  -4.7761812e-01  -6.4933846e-01   1.3206906e-01   6.2639622e-01
   2.0000000e+00  -2.0909666e-02  -1.9088233e+00   2.1001810e-02   7.9602602e-01  -3.5413675e-01  -1.0591981e+00
   2.0000000e+00  -1.5856936e+00  -1.1514160e+00   1.2992780e+00   2.3980011e-01   1.1783694e-01   2.4132914e-01
   2.0000000e+00  -3.0661431e-01  -4.9380988e-01  -2.6405569e+00  -1.3587864e+00  -6.5895660e-01  -5.4104822e-01
   2.0000000e+00   3.6287140e-01  -7.1777513e-01  -3.0779629e-01  -5.4408923e-01  -1.6374647e+00  -2.8055694e-01
   2.0000000e+00  -1.4768071e+00  -7.0585394e-01  -1.0476706e+00   2.7404260e-01  -2.2535366e-01  -3.5118290e-01
   2.0000000e+00  -1.0286359e-01   3.4503425e-01  -5.6446916e-01   1.0312722e-01  -1.3823419e+00   9.1551630e-02
   2.0000000e+00   1.0542552e+00   2.8642322e-01   1.0970208e+00   9.0692398e-02  -3.2167992e-01   1.5399134e+00
   1.0000000e+00  -1.0835823e+00   6.2619384e-01   3.4953679e-03  -2.6848878e-02   1.0966478e-01  -7.3280477e-02
   2.0000000e+00  -1.7176831e-01   3.8605472e-01  -7.5021729e-01  -2.3820567e-01  -1.4660450e+00   4.4988942e-01
   2.0000000e+00  -6.7778143e-01  -9.1728609e-01  -7.3473871e-01  -2.1217746e-01   9.4222340e-01   1.5846231e+00
   2.0000000e+00   2.2897340e-02  -2.0584847e+00  -1.1510028e+00   1.6907601e+00  -8.1562754e-01   6.6104790e-01
   2.0000000e+00   6.5508273e-01  -1.6014339e+00  -1.0481586e+00   7.1745433e-02   1.7282093e+00   6.1097074e-01
   2.0000000e+00  -1.3130840e+00   2.4614387e-01  -2.2985881e+00   7.7355886e-01  -2.9363848e-01  -3.4834911e-01
   2.0000000e+00  -2.9409714e-02   9.6013037e-01   4.4359862e-01  -7.5952854e-01  -1.1150956e+00  -8.9090372e-01
   2.0000000e+00   1.1924007e+00   1.7318974e+00  -3.6290239e-01   5.2359384e-01   1.6205439e+00  -6.4760339e-01
   2.0000000e+00   7.4517677e-01   1.1183424e+00  -4.7189634e-01  -1.2683995e+00  -3.0739831e-01   2.2346652e+00
   2.0000000e+00   2.0235908e+00  -2.6094516e-01   3.9707976e-01  -2.0414520e-01  -3.6613884e-01   3.6804305e-01
   2.0000000e+00   1.1589993e-01  -1.1134708e-02  -2.0563907e-01   3.2644703e-01  -1.0606584e+00   7.9280506e-01
   1.0000000e+00  -5.4133236e-01  -3.5738034e-01   8.9245074e-01  -9.9804637e-01   4.0000082e-01  -6.1490399e-01
   1.0000000e+00  -1.4257331e-01   1.7748489e-01  -1.1397556e-01  -9.0909994e-02   7.4192541e-01  -1.3283427e+00
   2.0000000e+00   1.4974734e+00  -1.2374748e-01   5.7144035e-01   5.4972796e-02   1.0120408e+00  -1.9652999e+00
   2.0000000e+00   7.6574990e-01  -7.4838763e-01   4.7676514e-02   1.1843481e-01  -1.3313694e-01  -1.8494239e+00
   2.0000000e+00  -7.8083317e-01   1.1230303e+00   3.7235354e-01  -4.1304769e-01   7.5827780e-01  -1.8928324e+00
   2.0000000e+00   3.1276058e-01  -1.7053758e+00   1.0242917e-01  -2.7095016e-01  -1.1919371e+00   4.4876203e-01
   1.0000000e+00  -8.0797948e-01   4.9842404e-01  -1.7104837e+00  -6.1545770e-02   2.9547440e-01  -7.6405842e-01
   1.0000000e+00   3.4676053e-01  -5.8528027e-01  -1.1188964e-01  -4.1031189e-01   2.3089031e-01  -5.1075531e-01
   1.0000000e+00   6.7174135e-02   3.6985030e-01  -1.1911105e+00  -1.2886823e+00   2.0543399e-01   7.3935016e-01
   2.0000000e+00   5.3313284e-01  -1.7539953e-01   9.4968748e-01  -2.7981508e-01   1.1679934e+00   1.3310625e+00
   2.0000000e+00  -7.4902703e-01   7.0917749e-01   8.4369498e-01  -1.0410709e+00   1.4866512e+00   4.9960182e-01
   2.0000000e+00  -8.3616569e-02  -1.4482552e-01  -7.8801515e-01  -1.0449403e+00   1.2271813e+00  -1.8238735e+00
   1.0000000e+00   5.9041299e-01   9.4968914e-02  -9.9925324e-01  -3.0236309e-02   3.4432948e-01  -5.9566710e-01
   1.0000000e+00   7.4298865e-02   4.4018146e-01  -6.8990760e-01  -1.8489308e-01   4.8701284e-01   1.2323452e-01
   2.0000000e+00   1.1415944e+00   2.4922176e+00  -6.2098770e-01   4.1014276e-01  -3.0817559e-01   2.2590674e-02
   2.0000000e+00  -1.0336617e+00  -6.6757766e-01  -6.2559538e-01   1.2700340e+00  -1.3801688e+00  -6.8637265e-01
   2.0000000e+00   6.2758707e-01  -1.3345254e-01   1.9485556e-01  -7.8942521e-01  -7.5148363e-01   8.6175314e-01
   2.0000000e+00   1.9958506e-01  -7.6387083e-01  -1.6379029e+00   3.2137880e+00   1.0849414e+00  -5.4766964e-02
   2.0000000e+00   2.2572256e+00  -1.1324320e+00   5.8418118e-01  -1.7076988e-01  -3.2957250e-01  -1.0577470e+00
   2.0000000e+00   8.0487841e-01   3.4432531e-03  -1.0638226e+00  -4.8566602e-01  -9.9957496e-01  -3.0045020e-01
   1.0000000e+00   2.1401295e+00   2.1822991e-01  -3.0771373e-01  -1.6915068e+00   6.5581554e-01   7.0310187e-01
   1.0000000e+00   3.5982691e-01  -1.0735898e-01   1.0882211e+00   1.5434074e+00   9.1500043e-01   1.1725861e+00
   2.0000000e+00   1.6127441e+00   1.2850906e+00   2.3686638e+00   1.2765641e+00  -2.2855271e+00  -6.2769189e-01
   2.0000000e+00   9.5468860e-01   3.3224986e-01   4.1704480e-01   1.5370493e+00   1.0911764e+00   8.9966883e-01
   2.0000000e+00  -2.5501531e-01   4.5878886e-01  -2.2226637e+00  -5.7604443e-01  -3.6234081e-01  -7.8973260e-01
   1.0000000e+00  -4.3203007e-01  -6.9055430e-01   4.4966266e-01   1.1882315e+00   6.5154021e-02  -1.3727630e+00
   2.0000000e+00   1.6888073e-01   1.0888488e+00   5.8051617e-01  -6.8028856e-01   1.1130405e-01  -9.7173373e-01
   1.0000000e+00   4.8100369e-01  -1.1109621e-01  -7.2752732e-01   6.2015201e-01   9.6996491e-01  -6.8230721e-01
   2.0000000e+00   8.5055370e-01  -1.3227768e+00  -4.3126397e-02   1.7848033e-01   3.9316520e-01  -2.2191022e-01
   1.0000000e+00   1.0949268e+00  -2.7937756e-01  -9.5612456e-01   2.3616344e-01   1.6394738e-01  -7.7267310e-01
   2.0000000e+00  -4.7135275e-01   1.3747361e+00  -6.9715625e-01   8.1077587e-01  -3.6960181e-01  -9.1475486e-01
   1.0000000e+00   3.0957687e-01   6.7754039e-01  -2.3668575e+00   1.5410900e-01   2.6384785e-02  -1.2434014e+00
   2.0000000e+00   4.8637056e-01  -6.8773852e-01   2.6020854e-01   5.3991293e-01  -1.2926315e+00  -3.7799069e-01
   1.0000000e+00  -6.6234798e-01   4.3426424e-01  -1.3468779e+00   1.2796091e-02   3.5201388e-01   5.9119835e-02
   2.0000000e+00   1.3388604e+00  -8.9617522e-01   6.9993119e-01   3.3045364e-01   1.9646241e+00  -1.4263996e+00
   2.0000000e+00   2.2131979e-01  -1.4958624e+00   1.1027251e+00   1.8830315e-01  -1.1839376e+00   6.3632120e-01
   2.0000000e+00  -1.0831267e+00   1.3619146e+00   3.3070460e-01  -1.5826752e+00   4.7695669e-02   1.1833748e+00
   2.0000000e+00  -1.6866197e+00   4.1923417e-02   1.3972261e+00  -3.1080606e+00  -8.1645011e-01   7.2026972e-01
   2.0000000e+00  -1.1999975e+00  -7.3186342e-01   1.0451326e-01   1.1464434e+00   7.4070128e-01   1.3782292e-01
   2.0000000e+00  -2.0506890e+00   1.4381251e+00   2.0528468e+00  -2.6063766e+00   1.2380940e-01  -1.2087463e-01
   1.0000000e+00  -5.7677051e-01   7.4361204e-02   1.0134882e+00   2.7488606e+00   5.3230757e-01  -1.0966925e+00
   2.0000000e+00   1.8132023e+00   8.7447391e-01   2.6919392e-01   7.5154298e-02   1.0678757e+00  -5.7087373e-01
   2.0000000e+00   2.1371972e+00  -2.8079916e+00  -5.8318346e-01   1.1627992e+00  -1.0603652e+00   5.2491481e-01
   2.0000000e+00   1.5613376e+00  -2.1815050e-01   8.4035151e-01  -9.6775361e-01  -6.0243120e-01   7.7094539e-01
   2.0000000e+00   4.9103272e-01   3.4768422e-02   9.8058099e-01  -1.6774969e+00  -6.4496775e-01   2.7211519e-01
   2.0000000e+00   2.0121616e-01   1.1611604e+00  -8.8943281e-02   1.2969889e-01  -4.1377395e-01   1.3092263e+00
   2.0000000e+00  -4.3864078e-01   3.3632010e-01  -3.1122485e-01   8.1141484e-01   1.1039074e+00  -9.4168318e-02
   2.0000000e+00  -1.2353066e+00  -1.7377142e+00   5.4877381e-01  -6.6010324e-01   7.4005992e-02  -8.5412518e-01
   2.0000000e+00  -5.0204855e-02  -1.7432010e+00   3.5688042e-01  -1.4969714e-01  -1.3430375e-01   8.5725474e-02
   2.0000000e+00  -1.0755174e+00   1.6853877e+00  -4.6446480e-01  -6.5186452e-01   1.0669259e+00   1.0040592e+00
   2.0000000e+00   1.3068827e+00   1.2814048e+00   5.8564506e-01   2.7976378e-01  -1.9098132e+00  -3.2738989e+00
   1.0000000e+00   3.3669354e-01   5.1315847e-01   3.1634369e-01   1.5323411e+00   5.2106733e-01   6.3990370e-01
   2.0000000e+00   5.7089497e-01   1.5691987e+00  -1.3332597e+00   1.7364543e-01   4.1451906e-01  -4.9999563e-01
   2.0000000e+00   9.3462343e-01   5.4585614e-01  -8.5269030e-01  -6.9398829e-02  -1.0126226e+00   1.0014287e+00
   2.0000000e+00  -6.3871220e-01  -1.7922757e-01  -2.8923908e-01   5.1584271e-01  -3.0463407e-01   2.5082094e-01
   2.0000000e+00  -4.6568408e-01   1.0080544e+00   5.1174535e-01  -7.2463245e-01   8.1705719e-01  -1.5449151e+00
   2.0000000e+00  -1.9671294e-01  -4.7392482e-01   1.1152281e-01  -5.4270028e-01  -4.1403769e-01   5.0416898e-01
   2.0000000e+00   2.1469521e+00   1.2450637e-01   1.0066784e+00   3.4939965e-01  -1.0778308e+00   1.4996506e+00
   2.0000000e+00   5.8796102e-01   2.9855988e-01  -1.9000029e-01   5.6360340e-01  -1.5585530e+00   1.4706690e+00
   2.0000000e+00  -4.4538616e-01  -1.5459119e+00   1.3508301e+00  -6.3684730e-01   1.3511148e+00   1.0070538e-01
   2.0000000e+00  -6.0563819e-02  -2.8328969e-01  -1.0048430e+00  -3.7323305e-02  -9.1084271e-01  -2.0407230e+00
   2.0000000e+00  -6.2517399e-01  -2.9533063e-01   4.5105411e-01  -1.3517929e-01  -4.7660734e-01  -6.5551517e-01
   2.0000000e+00  -1.9420094e+00   1.3847274e-01   1.7799846e+00  -1.1280424e+00  -9.7067934e-01  -2.3465207e-01
   2.0000000e+00   1.7017645e+00  -1.7307373e-01  -1.1716384e+00   2.8330815e-01  -4.5607553e-01  -2.7179861e-01
   2.0000000e+00  -4.4757235e-01   6.1574013e-01   5.4746140e-01  -1.1698573e-01   1.0195023e+00   1.4937139e+00
   2.0000000e+00   8.1401136e-01  -9.4178293e-01  -3.5940188e-02  -1.3051170e+00   1.7121322e+00   2.4728922e-01
   2.0000000e+00   5.5161166e-01   1.2921903e+00  -7.9382247e-01   1.6899540e+00   1.0894113e+00   4.1408206e-01
   2.0000000e+00   7.0511634e-01   1.2317481e+00   7.1801370e-01   4.1771366e-01   8.7779496e-01  -7.3091203e-02
   2.0000000e+00  -8.2409325e-01  -4.3847812e-01   2.0760316e-01   2.2075748e-01   3.4191753e+00  -1.0179025e+00
   2.0000000e+00  -1.3985843e+00   1.1794644e+00   2.1740076e-02  -1.3970993e+00   2.4229477e-01  -5.8112528e-01
   2.0000000e+00  -1.2655608e+00   7.0786815e-01  -3.3530553e-01  -3.6102772e-01  -2.4037213e-01   1.4289392e+00
   2.0000000e+00   6.8297650e-01   1.0234858e+00   8.2243389e-01   1.6646903e+00  -7.3464605e-01   9.7309669e-02
   2.0000000e+00  -7.5802575e-01   3.7025569e-01   4.4870719e-01  -1.4608192e+00   1.8781743e+00  -9.6913061e-01
   2.0000000e+00   1.3716611e+00  -1.3906418e+00   1.0429293e+00   1.4604183e+00   9.7795102e-01  -2.0791717e-01
   2.0000000e+00  -4.0620052e-01   1.2378766e+00  -3.4737074e-01   1.2583778e+00  -6.7910180e-01  -7.4643656e-01
   2.0000000e+00   5.1354134e-01   6.0656461e-01   9.9797976e-01  -1.0329207e+00  -1.5170894e+00  -9.7345744e-01
   2.0000000e+00  -1.2645417e-01  -1.1410572e+00   1.4695087e+00  -8.9637577e-01  -5.0475393e-01  -7.4345333e-01
   2.0000000e+00  -2.5163582e-01  -6.1666229e-01  -2.8892943e-01  -8.2694717e-01  -1.4141686e+00   1.5477479e+00
   2.0000000e+00   1.3273966e+00  -5.2248066e-01   3.6287444e-01  -1.2886044e+00  -1.2698097e+00   5.8684399e-02
   2.0000000e+00   5.3229880e-01  -5.5712334e-02   5.9197629e-01  -2.1586275e+00   1.0353415e+00   6.8057736e-01
   2.0000000e+00  -7.4848795e-02   6.8058119e-01  -3.2047353e-02  -5.4016802e-01  -1.3957021e+00   1.1535847e+00
   2.0000000e+00   1.8617864e-02  -1.2971451e+00   2.2815367e+00  -2.7894303e-01   4.9430779e-01  -9.6040660e-01
   2.0000000e+00   2.4748023e-01  -1.3369191e+00  -1.2261624e+00   5.2333799e-01  -1.3251377e+00  -1.0851747e+00
   2.0000000e+00  -1.2839396e+00   3.2096295e-01  -1.2709192e+00   1.4863005e+00  -1.6042541e-01   1.4725976e+00
   2.0000000e+00  -1.2957395e+00   5.6593431e-01  -8.8335496e-01  -1.0256041e+00  -3.3825052e-01   1.4848803e+00
   2.0000000e+00  -1.2648482e+00  -1.4309782e+00  -6.3809759e-01   1.4854772e+00  -8.6703915e-01  -3.0470955e-01
   1.0000000e+00   1.2688203e+00  -1.9644499e-01  -3.7713809e-01   1.5651219e+00   1.3105157e-01   8.4895203e-01
   2.0000000e+00   7.1485427e-01   5.6762109e-01   9.6141446e-01  -8.5047844e-01  -1.7335960e+00  -1.7278735e+00
   2.0000000e+00  -1.0332889e-01   2.9960460e+00  -5.9036706e-01  -6.2457948e-01   5.7108527e-01  -6.9131024e-01
   2.0000000e+00   2.0893741e+00  -1.1977746e+00  -3.0579623e-01  -8.0540511e-01  -1.4198959e-01  -1.8388148e+00
   2.0000000e+00  -1.1113182e+00   1.3215209e+00  -3.1970366e-01   7.8357488e-01   2.0791410e+00   1.0518167e-01
   1.0000000e+00   7.5106818e-01  -4.4713106e-01   8.7603911e-02  -1.3638303e+00   1.1877393e-01  -4.5985788e-01
   2.0000000e+00   2.9492280e-01  -1.4916993e+00   3.2895160e-01   1.5285005e+00   6.8366735e-01  -2.4644343e-01
   2.0000000e+00   1.0583960e+00   1.3756506e+00   7.4422738e-02  -1.6781739e+00   3.3405241e-01   1.1921224e+00
   1.0000000e+00   2.5877766e-01   3.0335594e-01   1.3943222e-01   6.5946331e-02   3.2853480e-01  -9.4252770e-01
   2.0000000e+00   4.8646858e-02   3.2501526e-01   1.1499207e+00  -9.0012233e-01  -5.4782469e-01  -2.4879645e-02
   1.0000000e+00  -1.7735313e-01   1.9593963e-01   4.9620830e-01  -1.7878347e-01   1.1756722e-01   1.3810028e+00
   2.0000000e+00  -5.7514906e-01   6.7476155e-01  -4.7486646e-01   3.9901245e-03  -2.0884570e+00  -5.6550691e-01
   2.0000000e+00  -7.4568389e-01  -1.4242946e-01  -2.8267315e-02  -2.6516594e-02   1.0992567e+00  -6.3794729e-01
   2.0000000e+00  -2.9695872e-01  -1.8967849e+00   7.5771894e-01  -8.9903388e-01   1.8101990e+00   1.2797167e+00
   2.0000000e+00   6.2244995e-01  -3.9377057e-01  -4.9012215e-01   8.7098964e-01  -4.9156839e-01   1.0324183e+00
   2.0000000e+00   1.3452054e-01  -5.3069853e-01   1.8378107e-01   4.5625616e-01   1.3263999e+00   9.5987179e-01
   1.0000000e+00  -6.5000147e-01   2.2157979e-01   5.1479763e-01   1.2200730e+00   4.2308669e-01   5.1290942e-01
   2.0000000e+00  -1.0494268e+00  -2.0133042e+00   2.3231951e-01   1.6941959e+00  -2.7188293e-01   1.7593609e+00
   1.0000000e+00  -1.5731276e+00   3.5963890e-03   2.7090054e-02  -1.5065068e+00   2.4354193e-01  -6.8434847e-01
   2.0000000e+00   8.0485067e-01  -1.0715129e+00   4.5352080e-01  -1.6245538e-01   5.4767053e-01   6.3243063e-01
   2.0000000e+00   2.7920494e-01   1.8595447e+00   6.5296256e-01  -1.0427207e+00  -1.3879599e+00   4.3741873e-01
   2.0000000e+00   4.4096520e-02  -6.4735181e-01   4.5248406e-01   7.8964870e-02   9.3708191e-01  -2.6993395e+00
   2.0000000e+00  -2.3628377e-01   7.4433607e-01  -2.4295491e-01  -3.4725698e-01  -1.7281426e+00  -1.3945500e+00
   1.0000000e+00   6.5019452e-01   7.3119163e-02   1.2586104e+00  -8.9396185e-01   6.2388092e-01  -7.1101847e-01
   2.0000000e+00   1.0653240e-01  -1.4666252e+00   1.3843601e+00   8.5726508e-01  -5.1441738e-01   2.2016175e+00
   2.0000000e+00  -1.0945209e+00   1.4035348e+00   3.7222967e-01   6.8588298e-01   1.5295453e+00   2.6232084e-01
   1.0000000e+00   1.2924394e+00  -3.6484900e-01  -1.0931087e-01  -3.2951215e-01   3.1291501e-01   9.2069855e-01
   2.0000000e+00  -2.4241544e+00  -1.6966236e+00   9.9565374e-01  -9.8773162e-01   1.1838821e+00  -7.1191211e-01
   2.0000000e+00   7.5404237e-01  -1.4751095e-01  -1.8581466e+00  -8.2980796e-02   2.0393826e+00  -1.1981171e-01
   2.0000000e+00  -2.1057437e-02   1.9253873e+00   6.3812293e-01  -6.8679035e-02   2.9186149e-01  -1.7231601e+00
   2.0000000e+00   2.0089940e-01  -2.1372365e+00   1.2470221e+00   1.1505791e+00  -1.3994431e+00  -1.1170146e+00
   2.0000000e+00   3.4611467e-01  -1.4611031e+00  -2.3935990e-01  -1.6565382e-01   1.8361182e+00   1.4441882e+00
   2.0000000e+00  -6.1737994e-01  -7.5657310e-01  -5.4613851e-01  -2.8399122e-01   1.3424128e+00   1.7163161e-01
   2.0000000e+00   1.5826895e+00  -5.2159520e-01   2.5339220e-01  -1.5707926e+00   1.0137255e+00   1.0013706e-01
   2.0000000e+00  -3.6001801e-01  -6.6307842e-01   3.2776724e-01   4.8915987e-01   4.3586209e-01   2.1112751e+00
   2.0000000e+00  -3.7436875e-01  -8.8233909e-01  -1.7737348e+00   6.0755808e-01  -1.3076612e+00  -1.1759656e+00
   1.0000000e+00  -8.7466196e-01   4.9861938e-02   4.2068332e-02  -1.0149362e+00   8.6020575e-01  -9.3484996e-01
   2.0000000e+00  -8.4158520e-01  -9.8856549e-01  -8.0005291e-02  -6.2002059e-01  -2.4485573e-01  -8.4530394e-01
   2.0000000e+00  -4.1641839e-01  -1.6820722e+00   1.0070079e-01  -8.1868829e-01  -2.5402366e-01  -1.0170201e+00
   1.0000000e+00   2.2921614e-01   4.5402994e-01  -1.7708513e-01   7.5685965e-01   1.9358428e-02   2.6762917e-01
   2.0000000e+00  -8.9051191e-01  -1.9640664e-01   8.1770588e-01  -2.6928997e-01  -1.0002985e+00  -1.3956424e+00
   2.0000000e+00  -1.2991491e+00  -2.7839883e-01  -2.2934260e-01   1.3906915e-01  -1.9563734e+00  -1.2486899e+00
   2.0000000e+00  -4.7574758e-01   7.2396246e-01   8.5041836e-01   5.6356761e-02  -5.5954619e-01  -1.3119821e+00
   2.0000000e+00  -1.1741536e-01  -4.1498308e-01  -2.7493886e-03   1.5464528e+00  -3.5984277e-01  -2.2294279e+00
   2.0000000e+00  -1.6364971e-01   1.4218245e+00   7.7861717e-01  -3.9894606e-01   4.1881775e-02  -5.3465656e-01
   2.0000000e+00   8.5494221e-01  -1.0284007e+00  -8.5695852e-01  -2.0300350e+00  -3.9278314e-01  -2.9735548e-01
   2.0000000e+00   9.0417351e-01  -2.5391665e+00  -1.6778991e-01   2.2309985e+00   3.3322813e-01   1.4559020e+00
   2.0000000e+00   2.8643299e-01   1.1043617e+00  -7.5541262e-02  -1.3216371e+00   1.0242147e+00  -2.9090632e-01
   2.0000000e+00   1.7200656e-02   5.3317699e-01  -1.6428443e-01   1.3197903e+00  -4.5204301e-01  -5.7043322e-01
   2.0000000e+00  -1.0391028e+00  -3.8767420e-01   1.4363553e+00   9.5337050e-01  -1.3921048e+00  -5.8301456e-01
   2.0000000e+00   5.7753224e-01   1.4930970e-01  -5.2004402e-01  -1.2344738e-01  -2.9977579e-01  -1.3507820e+00
   2.0000000e+00  -1.2834523e-01  -3.4128988e-01  -1.6673899e+00   7.8597256e-01   1.2049188e+00  -8.6089447e-01
   2.0000000e+00   4.6211680e-01   3.6941298e-01   3.2637891e-01  -1.3666410e+00  -1.6805545e-01  -1.5276592e+00
   2.0000000e+00   4.7739561e-01  -3.1934709e-01   1.4739696e+00   4.9856147e-02   1.2231150e+00  -5.4549063e-01
   2.0000000e+00   3.5554620e-01  -1.7926581e+00   2.5071475e-02  -4.2301060e-01  -1.5490122e+00  -1.1001144e+00
   2.0000000e+00   1.0750748e+00   1.4168935e+00   8.5517897e-01   1.5822191e+00  -5.4590212e-02  -2.2301897e-01
   2.0000000e+00   6.8399473e-02   1.7202267e+00  -1.6483587e-01  -1.1724708e+00   4.9261876e-01   2.3038849e+00
   2.0000000e+00   2.9941906e-01   1.0543636e+00  -5.6079190e-01   1.8560180e+00  -1.2242744e+00   1.6948839e+00
   2.0000000e+00   2.0808049e-01   1.6106185e+00   3.5843538e-01   6.4610250e-01  -1.9247259e-01  -1.8736369e+00
   2.0000000e+00   1.7308231e+00   7.7405625e-01  -6.2287404e-01   9.9297778e-01  -4.6364184e-01  -5.6263433e-01
   2.0000000e+00  -1.6124984e+00   1.0816785e+00  -5.6154064e-01   2.5167059e-01   1.3972244e+00   1.3650526e-01
   1.0000000e+00  -1.9623855e+00  -3.8235357e-01  -1.0374222e+00  -1.4477588e-02   9.7214444e-03   3.5961634e-01
   2.0000000e+00   4.6689398e-01  -1.1009227e-01   5.1004054e-01   1.1674886e+00  -8.3490309e-01  -4.7095097e-01
   2.0000000e+00   9.0829454e-01   2.5997461e-01  -4.8792094e-01  -6.1385774e-01  -1.1894152e+00  -8.4162976e-01
   1.0000000e+00   1.4712781e-01   5.1789492e-01  -7.6240393e-01  -5.5719459e-01   4.5890482e-01   8.1446062e-01
   2.0000000e+00  -7.9669860e-01  -6.8065212e-01  -3.6954168e-01  -1.4023162e+00  -4.7182692e-01   1.7856965e+00
   2.0000000e+00   7.6738299e-01  -1.8009371e+00   4.9136865e-01   4.2749394e-01   1.4764751e+00  -7.6688924e-01
   2.0000000e+00  -2.1101125e+00  -4.1511254e-02  -6.8965653e-01  -1.0392219e+00  -3.9238073e-01  -9.3241103e-01
   2.0000000e+00  -7.9799177e-01  -1.0239893e-02   9.8196559e-01   7.9864412e-01  -7.2872087e-01   8.3106847e-01
   2.0000000e+00   1.2266227e+00  -6.6659832e-01  -3.9980230e-01   8.6177081e-01  -6.4582100e-01   3.2225565e-01
   2.0000000e+00  -9.4042824e-01  -1.4458124e+00   1.2703954e+00  -7.9562766e-02   1.4087305e+00  -1.8216322e-01
   2.0000000e+00   8.4093319e-01  -1.9417493e+00   7.0386313e-01   1.0148357e+00   1.0468449e+00  -4.9862025e-01
   2.0000000e+00  -7.8175973e-01   4.6509341e-01   6.6149656e-01  -6.0765693e-01   9.8247277e-01   1.0321714e+00
   1.0000000e+00   1.4010639e+00  -8.3769145e-01   2.0378769e+00  -8.6572957e-01   2.9316743e-01  -5.5767793e-01
   1.0000000e+00   1.8794617e-01   3.5613942e-01  -6.4676096e-02  -1.2567411e+00   7.1883815e-01   1.4717235e+00
   2.0000000e+00  -1.0708159e+00   1.0747616e+00  -8.6788184e-01   2.3184459e-01   8.9875511e-01   3.2362864e-02
   2.0000000e+00   6.8923924e-01  -2.2890855e+00   5.5026264e-01   5.7509454e-02   6.3518814e-01   4.1117664e-01
   2.0000000e+00  -3.1964204e+00   5.5702463e-01   1.0935805e+00   1.4612149e+00   5.7577234e-01   3.1354718e+00
   2.0000000e+00  -7.3182619e-01   2.4115362e+00  -9.8753086e-01   3.1794640e-01   3.7294180e-01  -3.3243410e-01
   2.0000000e+00   5.9031517e-01  -6.7413412e-01  -1.1262608e+00  -5.1534175e-01   1.1804748e+00   2.3914562e-01
   2.0000000e+00   1.0013971e+00  -6.1921294e-01  -4.2252140e-01  -6.2720092e-01  -2.1460194e+00  -2.1047877e+00
   2.0000000e+00   2.5989909e-01   6.6760161e-01  -7.8858321e-02   1.4786550e+00   8.9696789e-01   2.3422178e+00
   2.0000000e+00   5.6613484e-01   7.4885861e-01   1.3530305e+00   5.0408237e-02   7.8607242e-01   2.0561754e-01
   2.0000000e+00  -8.4670469e-01  -7.1656822e-01  -5.1544396e-01   8.7854163e-01   1.5510478e+00   4.5002229e-01
   2.0000000e+00   1.5226824e+00   5.3996830e-02   1.0369869e+00   4.4936629e-01   1.3306157e+00  -3.5025395e-01
   2.0000000e+00   1.7953536e-01  -5.2779688e-01  -1.0390925e+00  -3.9145026e-01  -6.7933265e-02   3.4977451e-01
   1.0000000e+00   2.8775196e-01  -5.6901677e-01  -8.6288585e-01   5.4586712e-01   5.9121425e-01   4.6790341e-01
   2.0000000e+00   8.4985006e-01   8.3867741e-01  -1.1509967e+00   6.3093306e-01   1.2082855e+00   1.1175383e+00
   2.0000000e+00   5.1749898e-01   5.8453709e-01  -2.4966310e-01  -1.0931455e+00  -6.7765529e-01   1.0693197e+00
   2.0000000e+00   3.1290040e-01   1.9409863e-01   1.7201158e-01  -2.9504413e-01   1.7681298e+00   2.0387045e-01
   2.0000000e+00   1.0425895e+00   1.8834922e+00  -3.4701177e-03  -1.4235310e-01   7.8496507e-01  -3.6130891e-01
   1.0000000e+00  -1.6688714e+00   2.8063452e-01  -2.2189490e+00  -1.2775112e-01   5.1610408e-01  -8.4695401e-01
   2.0000000e+00  -7.1559056e-01  -6.0353238e-01   2.1687870e-01  -2.2971483e+00  -9.9456987e-01   6.1195646e-02
   2.0000000e+00   1.1236864e+00   8.5999588e-01   1.0265751e+00   4.9586796e-01  -2.6445459e-01  -8.8895842e-01
   1.0000000e+00  -3.3708970e-01   2.9237790e-01   7.7552397e-01   3.5557198e-01   1.2138609e-01  -9.0989776e-01
   1.0000000e+00  -5.5264831e-02   6.0822831e-01   5.8874829e-01  -8.9633342e-01   7.7689112e-01  -9.7016409e-01
   2.0000000e+00   8.2441085e-01   1.2598256e+00   1.2229383e+00   2.2665753e-02   2.0590329e-01  -2.1552429e+00
   1.0000000e+00   1.5446612e+00  -9.3315733e-01   1.9961766e-01   6.0798879e-01   4.8082453e-02  -3.3921165e-01
   2.0000000e+00   1.2575068e+00   6.0391482e-01   2.2662546e-01   1.5828434e+00  -1.1535636e+00  -1.5705685e+00
   2.0000000e+00   1.3005265e+00   9.5519505e-02   2.0622193e-01   8.0261830e-01   1.7437780e+00   3.4086571e-01
   1.0000000e+00  -1.9227665e+00  -5.5708770e-01   1.5458392e+00  -4.0381357e-02   9.3843663e-02  -1.6441451e+00
   2.0000000e+00  -2.9761341e-01  -8.3555475e-01   1.2565080e+00  -9.7849338e-01  -2.0129358e-01  -1.0758769e+00
   2.0000000e+00  -4.5657496e-01   9.2337303e-02   9.5708944e-01  -2.1503395e+00   1.0470561e+00  -2.6198119e+00
   2.0000000e+00   4.6661146e-02  -9.5430004e-01   1.0355156e+00  -2.1021904e+00  -1.0855879e-01  -1.1646489e+00
   2.0000000e+00   1.6634917e-01  -1.8391721e+00   1.3665279e+00  -2.4235333e+00  -3.6853279e-01  -3.6643492e-01
   2.0000000e+00  -1.0186226e+00  -5.2022903e-01  -2.1784375e-01  -1.7132060e+00   1.5614787e+00   1.4420439e-01
   2.0000000e+00   5.2835306e-01   1.9220718e-01  -2.5267772e-01   1.3551357e+00  -3.6736835e-01  -2.6950882e+00
   1.0000000e+00  -4.6792424e-01  -4.6227495e-01   1.2400624e+00  -1.9772985e-01   5.1627092e-04  -1.1913124e-01
   2.0000000e+00   6.4196355e-01  -1.0319460e+00  -8.5461870e-01  -3.1441649e-01   5.6825993e-01  -9.0791658e-01
   2.0000000e+00   7.6643456e-01  -9.4758307e-01   6.7951005e-01   2.3171258e+00  -8.6582103e-01  -1.9209309e+00
   1.0000000e+00   2.5369403e-01  -3.3567909e-01  -1.4464018e+00   6.6960631e-01   4.0203962e-02  -1.0897861e+00
   1.0000000e+00  -3.2656480e-01   2.9292904e-01   1.5564632e-01  -1.6718072e-01   1.5910585e-01   9.1284364e-01
   2.0000000e+00  -1.5293262e+00   9.3548529e-02   2.1986591e-01  -9.1976781e-01   8.4468344e-02  -2.0757412e+00
   2.0000000e+00   3.0066908e-01   2.3191090e-01  -1.1956686e+00  -6.2368238e-01   1.2024733e+00  -4.6003061e-01
   1.0000000e+00   7.3933468e-01  -6.5311719e-01   6.0218907e-01   3.3832442e-01   3.6858338e-01  -1.7162104e+00
   2.0000000e+00   1.8002114e-01   7.9928766e-01  -1.1229762e+00   6.9148015e-01   9.7344426e-01  -1.6111800e-03
   2.0000000e+00   7.6961253e-02  -1.2940725e+00  -6.7284595e-01   5.1584275e-01  -1.2723870e+00   1.4037803e+00
   2.0000000e+00   5.5726530e-01  -1.1824015e+00  -2.9552982e-01   1.0140447e+00   3.5089449e-01  -1.9829391e+00
   2.0000000e+00  -3.4668823e-01  -1.0294567e+00   1.0258021e+00  -2.8940721e-01  -6.1315845e-02  -9.8443130e-01
   2.0000000e+00   5.3158940e-01  -1.5484660e+00  -6.5844208e-01   1.8630802e+00   1.0609107e+00  -2.9921136e-01
   2.0000000e+00  -2.7862147e-01  -4.1167128e-01   1.6596112e+00  -4.5385907e-01   1.5530238e+00   1.5880044e+00
   2.0000000e+00  -9.9634293e-01   6.8562948e-01  -9.5181145e-01   1.3805916e-01   1.0642019e+00  -3.7386740e-01
   2.0000000e+00  -1.7626658e+00  -6.7361106e-01   8.6205900e-01  -3.5370651e-01  -1.5306937e+00  -1.3086585e+00
   2.0000000e+00  -1.8882455e+00   1.0847117e+00   3.4082482e-01   2.7977166e-01   7.1963893e-01   1.1005544e+00
   2.0000000e+00   4.6971733e-01  -1.3869195e+00  -2.7591563e-02  -3.0311755e-01   8.8383253e-01   9.2000405e-01
   2.0000000e+00  -9.4333825e-01  -8.6272613e-01  -1.1416251e-01   3.2343850e-01   1.3041170e+00   5.5001951e-01
   2.0000000e+00   2.2566039e-01  -5.4489070e-01  -5.2387876e-01   1.9404188e-02  -5.2142154e-01   6.0867186e-01
   2.0000000e+00   1.0287176e+00   4.0293488e-01   1.0919696e+00   1.7541534e+00  -1.3030903e+00  -1.3609892e+00
   2.0000000e+00  -2.2450722e+00   1.0469656e+00  -1.8165460e-01  -7.5357196e-01   6.9969087e-01  -1.1244059e+00
   2.0000000e+00   2.8011789e+00  -1.3130779e-01   7.5211171e-02  -2.2235587e+00  -1.3692429e+00   9.2315536e-01
   1.0000000e+00  -8.4247097e-01  -7.0428676e-01   1.2847408e+00  -1.5096509e-01   6.3146375e-01  -1.1765378e+00
   2.0000000e+00  -6.9440452e-02   1.9293252e+00  -2.3985293e-01   4.0424209e-02   5.3682717e-01   1.5787740e-01
   2.0000000e+00   2.6080602e-01   1.0435682e-01  -4.3420982e-01   5.5237880e-01  -4.5229318e-01  -4.2977501e-01
   2.0000000e+00   7.7039286e-02  -1.8236282e+00   5.8135824e-01   8.5164915e-01  -1.1147307e+00  -8.8005775e-01
   2.0000000e+00   2.8862621e-01  -1.5042579e+00   2.8156303e-01  -9.6868092e-01   6.5048013e-01   1.5957114e-01
   2.0000000e+00  -3.0845473e-01  -1.5010414e+00  -3.2878326e-01   2.2049721e+00  -9.9515635e-01  -1.6035444e-01
   2.0000000e+00  -6.3728743e-01   2.1238475e-01   5.1826258e-03   1.0703228e+00   1.1005259e+00   6.0047302e-01
   2.0000000e+00   9.6941898e-01   4.4957532e-01   1.9757076e-01  -5.9916061e-01   9.1060306e-01   7.8559278e-01
   2.0000000e+00  -1.2098852e+00   1.4553501e+00  -1.0212307e+00  -5.3535034e-01   4.0413354e-01  -1.7195569e+00
   2.0000000e+00  -7.2508229e-01   3.3007063e-01   1.5841783e+00  -3.6750250e-01  -8.1691327e-01  -8.0985137e-01
   2.0000000e+00  -1.7247486e+00   6.7038548e-01   1.0883194e+00   1.0714795e+00  -2.0287005e-01   1.4962327e-01
   2.0000000e+00  -6.0932572e-01   7.0325895e-02   1.0575432e-01  -1.4133051e+00  -1.1010255e-01   9.3682394e-01
   2.0000000e+00   7.2338727e-01  -5.8070349e-01   1.5690210e-01  -2.8256016e-01  -8.2988437e-03   1.5021021e+00
   2.0000000e+00  -3.5938865e-01   1.4661283e+00  -3.8989312e-01  -3.4028538e-02  -3.0269293e-01  -4.9020030e-01
   1.0000000e+00  -6.4871872e-01  -2.5019038e-01  -1.8146202e+00  -1.3675393e+00   9.5266617e-01  -1.5721773e-01
   2.0000000e+00  -3.5212843e-01   9.9597327e-02  -5.8992148e-01   5.5964719e-01   1.0644485e+00   4.8350849e-01
   1.0000000e+00   3.0500126e-01   2.1674455e-01   9.7473073e-02   1.4584085e+00   7.5168011e-01   8.1433416e-01
   2.0000000e+00   2.3377173e-02  -3.4852602e-01   2.3880545e-01   6.4978947e-01   2.7041167e+00   6.4524298e-01
   2.0000000e+00   2.6735649e-01   5.3024025e-02  -9.1758914e-01   2.5370004e-01  -1.7560920e+00   1.8565654e+00
   1.0000000e+00  -3.3378829e-01   3.5264450e-01   5.1191886e-01   1.7741439e+00   3.9139822e-03   1.1712714e+00
   2.0000000e+00   2.4372238e-01   4.2239545e-01   8.3493721e-01  -8.3927227e-01  -1.1263304e+00  -6.4437552e-01
   2.0000000e+00   2.6044291e-02   4.9992399e-01   1.3576256e+00   5.4770729e-01  -1.1743772e+00  -3.3730260e-03
   2.0000000e+00  -6.0190669e-01   1.4374777e+00   1.1699092e-01   1.6340661e+00  -1.2329393e+00   5.3614679e-01
   2.0000000e+00   4.1264076e-01   1.9851738e+00  -3.3864439e-01   5.6089164e-01   8.5865551e-01  -7.1870836e-01
   2.0000000e+00  -1.1822653e+00  -5.1906109e-01  -3.3649103e-01   1.1024107e+00  -1.5564409e+00  -4.0381998e-01
   2.0000000e+00  -1.4656963e+00   8.3151731e-01  -4.2596680e-01  -7.5861926e-01  -4.5310355e-01  -3.2110867e-01
   2.0000000e+00  -1.2797739e-01  -6.9018791e-01  -5.3393200e-01  -6.2669611e-01  -7.8093189e-01   1.1526150e+00
   2.0000000e+00   4.8141699e-01   3.5030820e-01  -7.0845946e-01   1.2997165e-01  -8.8296767e-02  -3.9448432e-01
   2.0000000e+00   1.7928677e+00   7.6248946e-01  -5.4174974e-01  -8.0593148e-01  -2.6953099e-01   6.6897286e-01
   1.0000000e+00   2.7681382e-01  -7.2885085e-01   4.0706171e-01  -1.7247404e-01   1.0584964e-01   8.4652057e-01
   2.0000000e+00  -4.5444469e-01   7.6825650e-01  -7.9544030e-01   1.0038844e+00  -8.2493510e-01   1.8702609e-01
   2.0000000e+00  -9.4412450e-01  -3.7944747e-01  -7.4263938e-01   1.5012978e+00  -6.9578249e-01  -6.5366208e-01
   2.0000000e+00   1.8740284e+00   2.2404456e-01  -8.2904055e-01  -2.3498026e-01  -8.0841039e-02  -1.6058509e+00
   2.0000000e+00   5.7120092e-01  -1.5221151e-01   1.1078404e+00  -3.5425062e-01   1.1858669e+00  -6.4628425e-01
   2.0000000e+00  -5.1383910e-01  -1.2284859e+00  -1.1163984e+00   7.4209393e-01   8.3815029e-01   1.4917104e-01
   1.0000000e+00   1.3534206e+00   2.8799120e-01   6.7231215e-01   1.3347983e+00   2.1848845e-01   3.0142585e-01
   2.0000000e+00   7.4371676e-01  -4.3766244e-01   4.9595440e-01   4.1324578e-01  -7.8808578e-01  -1.4922007e+00
   2.0000000e+00  -9.8406529e-02  -1.2000127e+00   1.0311652e-02  -6.1307760e-01   3.3964213e-01  -5.8303008e-01
   1.0000000e+00   1.7209988e+00   5.7681827e-01   1.1196960e+00   8.4121425e-01   7.7143609e-03   1.5106965e+00
   2.0000000e+00  -1.0734249e+00   1.5440629e+00   5.3407583e-01  -5.5119205e-01   8.4260315e-01  -7.4131904e-01
   2.0000000e+00  -6.3892204e-01  -1.0968253e+00  -2.0634540e-01   9.6043806e-01   2.6037189e-01   9.4162685e-01
   2.0000000e+00  -3.8047648e-02  -6.5424039e-01   1.2677176e-01   1.5846056e+00   1.0891758e+00  -4.9674279e-01
   2.0000000e+00  -7.4567239e-01  -8.3551780e-01   5.8611211e-01  -4.3432080e-01   1.4306037e+00  -6.5970077e-01
   1.0000000e+00  -1.8668161e+00  -7.3595672e-02  -1.8171455e+00  -1.4324678e-01   5.0658042e-01  -3.2646818e-01
   2.0000000e+00   1.7018891e-01   2.0168463e+00   1.7072995e-01   9.2534699e-02  -6.0406480e-01  -5.7762012e-01
   2.0000000e+00   2.7713770e-01   3.1944663e-01   1.2135471e-01   1.2356045e+00  -3.6011721e-01  -5.7917046e-01
   1.0000000e+00  -7.3470398e-01   3.7588607e-01   4.6976326e-01  -9.0421852e-01   5.2791019e-01  -9.2605124e-01
   2.0000000e+00  -9.0092111e-02   6.1902749e-01   4.9888219e-01   2.3987426e+00   2.2922558e+00   1.1821342e+00
   1.0000000e+00   7.6266186e-01   8.5129089e-01  -6.2313976e-01  -3.8041924e-01   3.5897897e-01  -4.0125727e-01
   2.0000000e+00  -1.9357994e+00  -8.2928439e-01  -2.3047773e+00  -1.1564354e+00  -9.9841647e-01   1.2895417e+00
   2.0000000e+00  -7.8670110e-02  -4.4779057e-01  -8.5379243e-02  -4.9694778e-01   9.9142184e-01   1.2431121e-01
   2.0000000e+00  -7.7462339e-01  -8.5950054e-01   4.0474086e-01   1.1680658e+00   1.0235900e+00   1.1598227e-01
   2.0000000e+00   1.0988931e+00   7.3138063e-01  -2.2051239e+00  -1.4154453e+00   7.4188379e-01   1.9534414e+00
   2.0000000e+00  -1.3023962e+00  -9.7815896e-01   2.7201747e-01  -1.4520763e+00  -1.0924844e+00  -3.1725825e-01
   1.0000000e+00   2.5036161e-01  -3.7140252e-01   1.1048632e-01   3.1535046e-01   1.3677262e-01  -7.4228340e-01
   2.0000000e+00  -1.3428729e-01  -5.4335610e-01   2.0859220e+00  -3.0197903e-01   5.2458222e-01   2.6071859e+00
   2.0000000e+00   3.4551136e-01  -3.7125438e-01  -4.0023046e-01  -3.6276958e-01  -1.6420352e+00   1.2923314e+00
   2.0000000e+00   2.9063057e-01  -2.9217864e-01   7.2065175e-01   1.6618008e+00  -8.1383541e-01  -4.6860715e-01
   2.0000000e+00  -1.1281291e+00   1.4300260e+00   1.1021876e-02  -9.3868430e-01  -3.8292221e-01   8.7727779e-01
   2.0000000e+00   1.7549507e+00  -1.0085962e+00  -1.2209864e+00   8.4621053e-01   5.6423200e-01  -2.7246974e+00
   2.0000000e+00   1.5577443e-01  -1.5319489e-01  -4.9911008e-01   1.0344265e+00  -1.1763593e+00  -2.0454284e+00
   2.0000000e+00   2.9347553e-01  -2.7740116e-01   2.0399022e+00  -7.1419207e-02  -1.9685546e-01   3.2810413e-01
   1.0000000e+00   1.9838762e+00  -1.9156453e-01   1.7973508e-01  -1.0089903e+00   4.6630663e-02  -1.8905010e+00
   1.0000000e+00  -9.1024134e-01   4.5438991e-01   1.0080402e+00  -6.9148014e-02   2.6725984e-01  -1.0930219e+00
   2.0000000e+00   3.5682948e-01  -6.0120148e-01   6.7180123e-01   1.0223289e+00  -5.4260360e-01   1.4473343e+00
   2.0000000e+00   5.1634545e-02  -5.7507442e-01  -7.2657148e-01  -1.6281255e+00  -1.0525921e+00   1.9001265e+00
   2.0000000e+00   4.5714682e-01   9.7473485e-02   1.5155058e-01  -6.8579070e-01  -3.4609345e-01  -1.4988601e+00
   2.0000000e+00   1.2574169e+00   1.2626301e+00  -2.4807970e-01   4.1848541e-02   1.9234331e-01  -9.9516508e-01
   1.0000000e+00   8.2005528e-01  -1.9043146e-01   7.9787680e-01   7.0902995e-01   3.4941993e-01  -1.7160385e-01
   2.0000000e+00  -7.6093727e-01   4.6844577e-01  -4.5666695e-02  -2.9713408e-02  -8.9399671e-01  -1.1123718e+00
   1.0000000e+00   1.0603692e+00   6.3292018e-01   1.0495318e+00  -3.8224946e-01   3.7059573e-01   5.9754970e-01
   2.0000000e+00  -1.2724358e-01   2.0417086e-01  -2.8106117e+00  -1.6698955e-01  -4.7517440e-01  -1.6748484e+00
   2.0000000e+00  -1.6929737e+00  -1.2065545e+00   5.0025526e-01   5.9985627e-01  -1.0931861e+00   6.4970622e-01
   2.0000000e+00   7.1609364e-01  -1.1110264e+00   9.7186579e-01  -1.3157709e-01  -8.0200895e-01   1.5570221e-01
   2.0000000e+00  -1.9091460e-02   1.3804655e-01  -1.2769604e-01   6.9926313e-01   3.3075607e-01  -2.3155273e+00
